#beam pipe
0.00227 9999 9999 0.024
#pixel
0.04879275 1.4999999664723874e-05 1.4999999664723874e-05 0.032212589263916014
0.04879275 1.4999999664723874e-05 1.4999999664723874e-05 0.06819287872314453
0.04879275 1.4999999664723874e-05 1.4999999664723874e-05 0.11420594024658204
0.04879275 1.4999999664723874e-05 1.4999999664723874e-05 0.170203369140625
#short strip
0.07509971 4.30000014603138e-05 0.0012000000476837158 0.25995855712890625
0.07509971 4.30000014603138e-05 0.0012000000476837158 0.35996508789062504
0.07509971 4.30000014603138e-05 0.0012000000476837158 0.49996817016601564
0.07509971 4.30000014603138e-05 0.0012000000476837158 0.6599801025390625
#long strip
0.05986861 7.199999690055847e-05 9999 0.820219970703125
0.05986861 7.199999690055847e-05 9999 1.0201680297851563
