#width(x/x0) resolutionxy(mm) resolutionz(mm) position (m)
#beam pipe
0.00227 9999 9999 0.024
#pixel 
0.014944 1.328531e-05 1.328531e-05 0.032754
0.014944 1.328531e-05 1.328531e-05 0.070560
0.014944 1.328531e-05 1.328531e-05 0.110162
0.014944 1.328531e-05 1.328531e-05 0.165020
#short strip 
0.008958 2.120041e-05 8.354909e-04 0.309145
0.008958 2.120041e-05 8.354909e-04 0.160000
0.008958 2.120041e-05 8.354909e-04 0.551619
0.008958 2.120041e-05 8.354909e-04 0.612042
#long strip 
0.000694 6.229832e-05 9.999000e+03 0.865649
0.000694 6.229832e-05 9.999000e+03 0.887672
